[10, 14, 5, 19, 11, 9, 13, 8, 17, 4, 8, 13, 6, 8, 6, 9, 13, 8, 7, 12]
[62, 0, 0, 5, 89, 0, 0, 1, 1, 0, 0, 42, 0, 0]
[61, 0, 1, 0, 87, 0, 0, 1, 11, 1, 0, 0, 38, 0, 0]
[67, 1, 0, 90, 0, 0, 2, 0, 12, 27, 1]
[58, 0, 0, 3, 94, 1, 0, 0, 0, 0, 27, 1, 16, 0]
[64, 0, 0, 0, 91, 4, 0, 1, 0, 0, 1, 39, 0, 0]
[59, 0, 0, 0, 0, 96, 0, 1, 0, 0, 0, 0, 12, 0, 14, 18, 0]
[63, 0, 0, 0, 90, 5, 1, 0, 0, 0, 6, 33, 2, 0]
[70, 0, 0, 88, 0, 0, 0, 0, 5, 37, 0]
[67, 0, 0, 0, 89, 1, 0, 0, 4, 0, 0, 35, 0, 4]
[60, 0, 0, 0, 86, 0, 1, 14, 0, 0, 0, 18, 0, 21, 0]
[59, 0, 1, 0, 94, 0, 0, 1, 0, 0, 22, 22, 0, 1]
[65, 0, 2, 3, 87, 0, 2, 0, 0, 1, 1, 26, 13, 0]
[61, 1, 0, 0, 90, 6, 0, 0, 0, 0, 0, 42, 0, 0]
[60, 0, 0, 13, 84, 0, 0, 0, 2, 0, 0, 39, 2, 0]
[68, 0, 0, 0, 80, 10, 1, 0, 0, 0, 4, 29, 8, 0]
[60, 0, 9, 1, 88, 0, 0, 0, 0, 0, 0, 39, 0, 3]
[59, 0, 0, 0, 0, 97, 0, 0, 0, 0, 2, 0, 6, 0, 10, 26, 0, 0]
[61, 0, 0, 0, 99, 0, 0, 0, 0, 0, 1, 39, 0, 0]
[62, 0, 0, 0, 83, 2, 13, 0, 0, 2, 0, 0, 36, 2, 0]
[65, 0, 0, 0, 66, 28, 0, 0, 1, 0, 0, 40, 0, 0]
[65, 0, 0, 19, 69, 0, 1, 6, 0, 0, 0, 36, 3, 1]
[64, 0, 1, 0, 34, 59, 0, 0, 0, 0, 0, 4, 37, 0, 1]
[57, 0, 1, 0, 0, 100, 0, 0, 0, 0, 0, 9, 2, 0, 29, 2, 0]
[70, 0, 2, 0, 68, 19, 0, 0, 0, 0, 0, 39, 0, 2]